0.000000 0.203157
0.408163 0.180589
0.816327 0.123106
1.224490 0.046664
1.632653 0.028586
2.040816 0.082917
2.448980 0.104866
2.857143 0.092809
3.265306 0.054828
3.673469 0.008111
4.081633 0.038714
4.489796 0.064897
4.897959 0.068181
5.306122 0.051132
5.714286 0.022487
6.122449 0.013406
6.530612 0.034813
6.938776 0.044614
7.346939 0.040600
7.755102 0.026206
8.163265 0.008285
8.571429 0.012410
8.979592 0.023801
9.387755 0.027738
9.795918 0.024645
10.204082 0.016473
10.612245 0.006128
11.020408 0.003689
11.428571 0.010811
11.836735 0.014250
12.244898 0.013733
12.653061 0.009948
13.061224 0.004372
13.469388 0.004088
13.877551 0.009272
14.285714 0.012605
14.693878 0.012789
15.102041 0.010056
15.510204 0.005304
15.918367 0.003388
16.326531 0.008973
16.734694 0.013839
17.142857 0.016288
17.551020 0.015493
17.959184 0.011429
18.367347 0.005339
18.775510 0.005683
19.183673 0.013067
19.591837 0.018828
20.000000 0.020916
