0.000000
0.402010
0.804020
1.206030
1.608040
2.010050
2.412060
2.814070
3.216080
3.618090
4.020101
4.422111
4.824121
5.226131
5.628141
6.030151
6.432161
6.834171
7.236181
7.638191
8.040201
8.442211
8.844221
9.246231
9.648241
10.050251
10.452261
10.854271
11.256281
11.658291
12.060302
12.462312
12.864322
13.266332
13.668342
14.070352
14.472362
14.874372
15.276382
15.678392
16.080402
16.482412
16.884422
17.286432
17.688442
18.090452
18.492462
18.894472
19.296482
19.698492
20.100503
20.502513
20.904523
21.306533
21.708543
22.110553
22.512563
22.914573
23.316583
23.718593
24.120603
24.522613
24.924623
25.326633
25.728643
26.130653
26.532663
26.934673
27.336683
27.738693
28.140704
28.542714
28.944724
29.346734
29.748744
30.150754
30.552764
30.954774
31.356784
31.758794
32.160804
32.562814
32.964824
33.366834
33.768844
34.170854
34.572864
34.974874
35.376884
35.778894
36.180905
36.582915
36.984925
37.386935
37.788945
38.190955
38.592965
38.994975
39.396985
39.798995
40.201005
40.603015
41.005025
41.407035
41.809045
42.211055
42.613065
43.015075
43.417085
43.819095
44.221106
44.623116
45.025126
45.427136
45.829146
46.231156
46.633166
47.035176
47.437186
47.839196
48.241206
48.643216
49.045226
49.447236
49.849246
50.251256
50.653266
51.055276
51.457286
51.859296
52.261307
52.663317
53.065327
53.467337
53.869347
54.271357
54.673367
55.075377
55.477387
55.879397
56.281407
56.683417
57.085427
57.487437
57.889447
58.291457
58.693467
59.095477
59.497487
59.899497
60.301508
60.703518
61.105528
61.507538
61.909548
62.311558
62.713568
63.115578
63.517588
63.919598
64.321608
64.723618
65.125628
65.527638
65.929648
66.331658
66.733668
67.135678
67.537688
67.939698
68.341709
68.743719
69.145729
69.547739
69.949749
70.351759
70.753769
71.155779
71.557789
71.959799
72.361809
72.763819
73.165829
73.567839
73.969849
74.371859
74.773869
75.175879
75.577889
75.979899
76.381910
76.783920
77.185930
77.587940
77.989950
78.391960
78.793970
79.195980
79.597990
80.000000
