0.000000
0.202020
0.404040
0.606061
0.808081
1.010101
1.212121
1.414141
1.616162
1.818182
2.020202
2.222222
2.424242
2.626263
2.828283
3.030303
3.232323
3.434343
3.636364
3.838384
4.040404
4.242424
4.444444
4.646465
4.848485
5.050505
5.252525
5.454545
5.656566
5.858586
6.060606
6.262626
6.464646
6.666667
6.868687
7.070707
7.272727
7.474747
7.676768
7.878788
8.080808
8.282828
8.484848
8.686869
8.888889
9.090909
9.292929
9.494949
9.696970
9.898990
10.101010
10.303030
10.505051
10.707071
10.909091
11.111111
11.313131
11.515152
11.717172
11.919192
12.121212
12.323232
12.525253
12.727273
12.929293
13.131313
13.333333
13.535354
13.737374
13.939394
14.141414
14.343434
14.545455
14.747475
14.949495
15.151515
15.353535
15.555556
15.757576
15.959596
16.161616
16.363636
16.565657
16.767677
16.969697
17.171717
17.373737
17.575758
17.777778
17.979798
18.181818
18.383838
18.585859
18.787879
18.989899
19.191919
19.393939
19.595960
19.797980
20.000000
